function y = target_C4(x)
    y1=0.249*x(1)+0.012*x(2)+0.085*x(3)-0.204*x(4)+0.764*x(5);
    y2=1.236*x(1)-0.269*x(2)-0.783*x(3)+0.099*x(4)+0.700*x(5);
    y=-(y1*y2);
end

